$ 1 0.000005 10.20027730826997 50 5 50 5e-11
R 96 80 48 80 0 0 40 6 0 0 0.5
34 zener-3.8 1 1.7143528192810002e-7 0 2.0000000000000084 3.8 1
z 192 192 192 144 2 zener-3.8
w 192 128 192 144 0
w 192 128 288 128 0
34 fwdrop\q2.2 1 9.32e-11 0.042 3.6827164892829978 0 1
162 192 192 192 224 2 fwdrop\q2.2 0 1 0 0.01
r 288 128 288 176 0 300
s 96 80 144 128 0 0 false
w 224 224 192 224 0
t 272 224 288 224 0 1 0.5264531678307942 0.6717433592613028 100 default
w 288 176 288 192 0
w 288 192 336 192 0
w 288 192 288 208 0
g 288 240 288 256 0 0
34 fwdrop\q2 1 9.32e-11 0.042 3.3479240811663615 0 1
162 336 192 336 240 2 fwdrop\q2 1 0 0 0.01
g 336 240 336 256 0 0
r 144 128 192 128 0 10
w 224 224 272 224 0
